#robust qpah sample - I Shivaei, 16 Feb 2024
#qpah in [%]
#mass in Msun
#logoh_fmr is 12+log(O/H) from the fundamental metallicity relation in Sanders+2021 - plotted in Fig 8 and 9 of Shivaei+2024
#logoh_mzr is 12+log(O/H) from the mass-metallicity relation in Topping+2021 - plotted on the top axis of Fig 7 of Shivaei+2024
#z_red	 qpah	 qpah_err	 mass	 mass_err	 logoh_fmr	 logoh_fmr_err	 logoh_mzr logoh_mzr_err
1.5534	 1.166807	 0.295567	 1.116359e+10	 7.894646e+09	 8.619952	 0.870947	 8.388262	 0.256398
1.5617	 3.117704	 0.909547	 2.821302e+09	 8.113520e+08	 8.254046	 0.735681	 8.220047	 0.108634
1.1130	 3.788519	 0.506771	 3.043982e+10	 3.863856e+09	 8.747675	 0.102641	 8.510937	 0.044755
1.3734	 0.913529	 0.443630	 1.353666e+09	 4.514371e+08	 8.300606	 0.793186	 8.130234	 0.128953
0.9752	 2.563289	 0.772859	 9.818087e+09	 1.972429e+09	 8.688513	 0.201650	 8.372555	 0.073108
0.8019	 3.793882	 0.600673	 7.537540e+09	 1.371259e+09	 8.633037	 0.215771	 8.340228	 0.066714
1.8980	 2.578464	 0.821805	 2.419117e+10	 9.583502e+09	 8.664804	 0.425261	 8.482838	 0.140554
1.7439	 3.282098	 0.872195	 5.162487e+09	 7.126949e+08	 8.517010	 0.220142	 8.293941	 0.051197
1.3639	 0.710530	 0.267248	 1.079982e+09	 2.342499e+08	 8.397640	 0.438928	 8.102610	 0.084493
1.8382	 0.442417	 0.028041	 1.403362e+10	 6.545556e+09	 8.363499	 1.000251	 8.416243	 0.168010
0.8405	 2.867087	 0.914160	 7.784704e+09	 1.656765e+09	 8.595190	 0.280797	 8.344174	 0.077971
1.2730	 3.217442	 0.790002	 7.167438e+09	 1.231109e+09	 8.577290	 0.237351	 8.334070	 0.063081
1.0921	 2.769123	 0.730800	 6.697994e+09	 8.956923e+08	 8.632870	 0.164220	 8.325786	 0.049210
0.9981	 3.488373	 0.873852	 8.536993e+09	 2.398251e+09	 8.646895	 0.320031	 8.355455	 0.102645
1.0248	 3.595580	 0.713632	 8.101697e+09	 7.697044e+08	 8.651342	 0.121538	 8.349055	 0.034766
0.7676	 3.873934	 0.552171	 1.108115e+10	 1.398973e+09	 8.728298	 0.112216	 8.387355	 0.045783
1.8829	 1.447694	 0.440966	 3.668314e+09	 8.869968e+08	 8.431367	 0.459114	 8.252154	 0.090604
0.9280	 3.415894	 0.655227	 1.625158e+10	 3.077783e+09	 8.693482	 0.185368	 8.434188	 0.067937
1.7111	 2.441532	 0.804855	 1.157388e+10	 4.590021e+09	 8.586499	 0.534737	 8.392676	 0.143639
1.8916	 2.989174	 0.700706	 1.900018e+10	 4.151094e+09	 8.667497	 0.232680	 8.453298	 0.078032
1.2468	 3.272032	 0.726896	 5.336105e+10	 7.664575e+09	 8.766417	 0.109652	 8.579586	 0.049892
0.7785	 3.572981	 0.676924	 5.450495e+09	 8.338172e+08	 8.672319	 0.160347	 8.300580	 0.056641
1.9020	 3.136907	 0.691148	 2.359239e+10	 6.313756e+09	 8.668615	 0.284036	 8.479773	 0.095014
0.9248	 3.577238	 0.733394	 1.061043e+10	 1.307361e+09	 8.716096	 0.112221	 8.382046	 0.044738
0.7617	 3.598763	 0.582255	 1.206232e+10	 1.943326e+09	 8.714492	 0.145988	 8.397731	 0.058283
1.9748	 2.419804	 0.471223	 1.844450e+10	 5.695536e+09	 8.501324	 0.510110	 8.449668	 0.110381
0.8596	 3.350428	 0.723054	 4.868991e+09	 8.585066e+08	 8.523215	 0.277193	 8.286783	 0.065504
1.9949	 1.675010	 0.506006	 5.003821e+09	 1.570228e+09	 8.444884	 0.581834	 8.290123	 0.116484
1.3237	 3.085047	 0.902959	 1.232384e+10	 1.839841e+09	 8.673572	 0.155766	 8.400354	 0.053975
1.5409	 3.437289	 0.924684	 2.771569e+10	 6.841971e+09	 8.682401	 0.250116	 8.499472	 0.087261
1.0426	 2.604805	 0.742799	 7.377733e+09	 1.203910e+09	 8.609578	 0.206898	 8.337607	 0.059879
1.9069	 2.894898	 0.887500	 5.670990e+09	 1.071843e+09	 8.550955	 0.284439	 8.305430	 0.069896
1.9732	 2.035290	 0.667619	 5.815740e+09	 1.347504e+09	 8.515057	 0.371747	 8.308513	 0.085621
1.3480	 0.610713	 0.295239	 7.571848e+08	 3.348142e+08	 8.315941	 1.029596	 8.059183	 0.174302
0.7672	 2.357351	 0.713247	 5.103049e+09	 1.611782e+09	 8.662435	 0.344860	 8.292525	 0.117172
1.4333	 3.703785	 0.754585	 4.929657e+10	 1.190397e+10	 8.686687	 0.243134	 8.569897	 0.084051
1.6398	 3.024292	 0.643295	 1.510384e+11	 2.911956e+10	 8.794723	 0.138850	 8.706831	 0.065213
1.5707	 1.148219	 0.492190	 2.051244e+09	 3.799503e+08	 8.423181	 0.357242	 8.181064	 0.070674
1.6287	 4.277250	 0.308966	 2.876512e+10	 5.106009e+09	 8.638485	 0.207145	 8.504017	 0.062681
1.6190	 3.817779	 0.886182	 6.911478e+10	 1.949312e+10	 8.768556	 0.213096	 8.611223	 0.097308
1.0311	 3.557364	 0.725669	 1.014547e+10	 1.379243e+09	 8.687835	 0.135581	 8.376566	 0.049425
0.7704	 3.858614	 0.581673	 1.577439e+10	 2.592179e+09	 8.709786	 0.151404	 8.430543	 0.058998
1.7894	 2.633088	 0.624378	 1.166088e+10	 2.625816e+09	 8.552581	 0.330679	 8.393592	 0.081541
1.1576	 3.669701	 0.806193	 2.004327e+10	 5.267867e+09	 8.692532	 0.257756	 8.459834	 0.093733
1.1067	 3.567780	 0.814623	 3.557344e+10	 5.175152e+09	 8.795632	 0.112129	 8.529997	 0.051078
0.7797	 2.856761	 0.822550	 8.656726e+09	 1.299611e+09	 8.707023	 0.143398	 8.357159	 0.054832
0.7305	 4.103256	 0.457712	 1.415316e+10	 2.081814e+09	 8.727247	 0.128330	 8.417280	 0.052971
1.2207	 1.309191	 0.410739	 4.082940e+09	 1.362648e+09	 8.660237	 0.374025	 8.265250	 0.124648
1.0059	 4.005596	 0.490685	 2.531713e+10	 4.248878e+09	 8.674640	 0.174632	 8.488402	 0.059469
1.3345	 2.939435	 0.949673	 7.223569e+09	 1.118911e+09	 8.607561	 0.197500	 8.335025	 0.056874
0.9320	 3.868054	 0.783895	 5.340137e+09	 1.146975e+09	 8.716580	 0.207126	 8.298079	 0.079572
0.9105	 2.919786	 0.689060	 4.375611e+09	 6.737201e+08	 8.647649	 0.186116	 8.273717	 0.057385
0.9989	 3.945436	 0.529254	 2.004340e+10	 2.788168e+09	 8.744821	 0.114501	 8.459835	 0.049610
1.8136	 0.805937	 0.275826	 1.674588e+10	 4.752498e+09	 8.594554	 0.376009	 8.437853	 0.101722
1.9248	 3.758897	 0.540943	 7.266655e+10	 1.443400e+10	 8.724878	 0.173631	 8.617352	 0.068443
1.3379	 2.583406	 0.548362	 4.402392e+09	 8.585022e+08	 8.487198	 0.331510	 8.274463	 0.072666
1.5643	 2.628084	 0.485068	 1.073205e+10	 2.709001e+09	 8.547102	 0.375594	 8.383440	 0.091623
1.2416	 2.771291	 0.727283	 5.786858e+09	 8.551101e+08	 8.592853	 0.198558	 8.307904	 0.054613
1.7402	 2.791792	 0.897535	 4.793219e+09	 6.375041e+08	 8.579142	 0.183145	 8.284865	 0.049434
1.8138	 2.997022	 0.867185	 8.757180e+09	 1.640527e+09	 8.519350	 0.297627	 8.358570	 0.068398
0.8585	 2.919922	 0.724460	 8.129761e+09	 1.442863e+09	 8.680052	 0.183115	 8.349478	 0.064940
1.8360	 1.964499	 0.379556	 4.479699e+09	 1.201870e+09	 8.399714	 0.540433	 8.276592	 0.099922
1.8739	 3.625516	 0.690249	 6.314738e+10	 1.129001e+10	 8.725427	 0.156112	 8.600180	 0.061829
1.5947	 3.624282	 0.677040	 2.148245e+10	 3.081397e+09	 8.688506	 0.142461	 8.468315	 0.051057
1.1202	 1.924190	 0.464246	 8.041450e+09	 1.611227e+09	 8.614652	 0.254506	 8.348142	 0.073338
1.8836	 1.113687	 0.248518	 4.821335e+09	 1.170763e+09	 8.374925	 0.520086	 8.285580	 0.090238
0.8923	 0.839952	 0.494135	 2.608653e+09	 3.904599e+08	 8.537572	 0.229027	 8.210463	 0.056680
0.7332	 2.979209	 0.765384	 1.890000e+09	 3.826617e+08	 8.562994	 0.290033	 8.171052	 0.077452
1.9881	 3.357127	 0.749154	 3.641473e+10	 1.007054e+10	 8.658669	 0.302825	 8.532856	 0.097037
1.9047	 2.369537	 0.482578	 3.864612e+10	 1.711835e+10	 8.686393	 0.443094	 8.540129	 0.155177
0.9014	 2.635115	 0.854419	 5.487789e+09	 9.928262e+08	 8.657935	 0.198620	 8.301414	 0.066970
1.1095	 3.622013	 0.644952	 1.609673e+11	 1.964630e+10	 8.825828	 0.097134	 8.714617	 0.041219
1.4746	 1.150137	 0.438356	 1.954870e+09	 5.321015e+08	 8.393753	 0.556774	 8.175179	 0.104014
1.1787	 1.577343	 0.516142	 2.613739e+09	 4.866579e+08	 8.454957	 0.338527	 8.210701	 0.070502
0.7343	 3.866419	 0.548619	 7.287829e+09	 9.744975e+08	 8.688183	 0.132867	 8.336108	 0.049084
1.4451	 2.679062	 0.811632	 1.871228e+10	 4.984647e+09	 8.705444	 0.251100	 8.451431	 0.095184
1.4938	 3.366404	 0.936485	 9.017556e+09	 1.447033e+09	 8.638740	 0.187076	 8.362153	 0.058539
0.8560	 1.073939	 0.428200	 1.584988e+09	 2.998180e+08	 8.538547	 0.289212	 8.149527	 0.072771
1.8885	 3.377861	 0.700325	 4.702793e+10	 1.130768e+10	 8.661151	 0.261374	 8.564135	 0.083796
1.3507	 1.496871	 0.259766	 1.813591e+10	 4.211073e+09	 8.516926	 0.370199	 8.447605	 0.083040
1.7877	 2.530829	 0.703707	 1.179410e+10	 1.908428e+09	 8.612995	 0.203111	 8.394981	 0.058575
0.9981	 3.864406	 0.670671	 3.579282e+09	 4.358200e+08	 8.534917	 0.186598	 8.249149	 0.045659
1.1751	 0.955882	 0.390066	 1.850931e+09	 3.765061e+08	 8.491368	 0.342776	 8.168497	 0.077867
1.0161	 3.657134	 0.728619	 1.352780e+10	 2.137943e+09	 8.767704	 0.124372	 8.411754	 0.056987
0.7408	 3.976416	 0.513375	 4.971064e+09	 8.504489e+08	 8.638272	 0.199521	 8.289320	 0.063517
1.2731	 3.880640	 0.413291	 1.141868e+10	 1.805984e+09	 8.564765	 0.225403	 8.391025	 0.057306
1.0947	 2.643792	 0.597172	 6.578970e+09	 1.013040e+09	 8.598795	 0.201302	 8.323593	 0.056694
1.8595	 3.781217	 0.386386	 1.558137e+10	 3.210716e+09	 8.473238	 0.360495	 8.429038	 0.074007
1.9935	 2.699084	 0.811283	 9.282458e+09	 1.594879e+09	 8.563313	 0.245960	 8.365694	 0.062626
1.8324	 3.206013	 0.650360	 9.918061e+10	 3.606940e+10	 8.731043	 0.311018	 8.655394	 0.124317
1.7132	 2.097511	 0.635549	 1.752900e+09	 2.669019e+08	 8.472846	 0.266695	 8.161842	 0.058387
1.1981	 3.366405	 0.632303	 9.792894e+09	 1.699077e+09	 8.611390	 0.219112	 8.372241	 0.063143
1.0154	 3.427024	 0.685582	 1.418288e+10	 2.201600e+09	 8.733349	 0.132687	 8.417537	 0.055899
1.8376	 2.845152	 0.672181	 4.150868e+09	 8.060496e+08	 8.422261	 0.375076	 8.267268	 0.072490
1.4484	 3.364923	 0.778140	 5.465504e+09	 7.731437e+08	 8.567382	 0.200303	 8.300917	 0.052371
1.8374	 2.845783	 0.708865	 1.098564e+10	 1.803250e+09	 8.621643	 0.200985	 8.386296	 0.059541
0.7365	 3.774372	 0.628560	 5.105683e+09	 9.883109e+08	 8.641374	 0.223722	 8.292588	 0.071810
1.4663	 1.205175	 0.457192	 3.427882e+09	 4.641398e+08	 8.519235	 0.217246	 8.243863	 0.050841
1.0917	 0.636079	 0.336189	 1.454252e+09	 2.403429e+08	 8.530670	 0.256078	 8.138999	 0.063757
1.7572	 4.118194	 0.550652	 1.211284e+10	 1.291401e+10	 8.755350	 0.838180	 8.398242	 0.385645
1.2206	 0.581412	 0.185150	 1.587673e+09	 4.004987e+08	 8.499411	 0.418130	 8.149734	 0.097038
1.0264	 4.073975	 0.476438	 3.021625e+10	 3.746061e+09	 8.662624	 0.134053	 8.510036	 0.043720
1.4963	 1.059904	 0.271512	 2.476840e+09	 4.343774e+08	 8.392648	 0.357600	 8.204122	 0.066518
1.9116	 2.699287	 0.460454	 5.687360e+09	 1.477866e+09	 8.358074	 0.563419	 8.305783	 0.096087
1.3556	 0.692492	 0.265265	 4.502582e+08	 2.117480e+08	 8.193552	 1.313366	 7.995615	 0.188714
1.0911	 1.081790	 0.387292	 3.239083e+09	 1.176613e+09	 8.439179	 0.680023	 8.236935	 0.136635
1.1061	 0.591439	 0.177411	 5.838512e+08	 1.594730e+08	 8.284243	 0.666320	 8.027391	 0.108624
0.7146	 3.839240	 0.655265	 2.854352e+09	 4.729494e+08	 8.579525	 0.227500	 8.221471	 0.062569
1.0566	 0.881521	 0.497660	 2.233363e+09	 4.228611e+08	 8.542961	 0.286179	 8.191467	 0.072048
1.4422	 4.244439	 0.362452	 3.973149e+10	 1.083726e+10	 8.779050	 0.218916	 8.543516	 0.095485
0.7474	 2.620506	 0.782263	 8.905133e+09	 4.516296e+09	 8.592631	 0.674751	 8.360619	 0.185079
1.3458	 2.707342	 0.549008	 9.465887e+09	 3.611761e+09	 8.578538	 0.525256	 8.368087	 0.138997
1.9267	 3.204386	 0.534193	 1.181159e+10	 2.443126e+09	 8.517098	 0.329943	 8.395162	 0.074872
1.7241	 1.587587	 0.472816	 2.580545e+09	 5.204064e+08	 8.442582	 0.375997	 8.209138	 0.076391
1.0926	 0.779879	 0.250229	 1.845885e+09	 4.632251e+08	 8.473251	 0.440482	 8.168163	 0.096071
1.1014	 0.809225	 0.278221	 3.400022e+09	 4.891761e+08	 8.548476	 0.216499	 8.242865	 0.054036
1.1028	 3.775082	 0.541044	 3.211025e+10	 4.262437e+09	 8.677263	 0.137159	 8.517471	 0.046735
1.9162	 3.885790	 0.487673	 3.024438e+10	 4.160277e+09	 8.640337	 0.159416	 8.510150	 0.048508
1.1125	 3.358496	 0.600933	 8.142889e+09	 9.100661e+08	 8.590464	 0.149901	 8.349675	 0.040892
1.3381	 2.604568	 0.858788	 6.935876e+09	 2.388293e+09	 8.511212	 0.558542	 8.330054	 0.126583
1.1115	 2.765536	 0.583278	 1.667560e+10	 4.558463e+09	 8.605369	 0.350617	 8.437338	 0.097991
1.3517	 1.392207	 0.259436	 5.880638e+10	 1.075843e+10	 8.734482	 0.155206	 8.591470	 0.063385
1.3975	 0.881491	 0.332782	 9.051224e+08	 2.681689e+08	 8.359189	 0.640006	 8.081009	 0.116092
1.4791	 3.704120	 0.529380	 6.161117e+10	 1.036764e+10	 8.704731	 0.158549	 8.597168	 0.058231
1.1350	 2.533342	 0.790100	 4.790667e+09	 7.592361e+08	 8.583475	 0.215457	 8.284800	 0.058905
1.5810	 3.122930	 0.487039	 9.839431e+09	 2.277687e+09	 8.451573	 0.422830	 8.372820	 0.084234
0.8145	 0.729378	 0.443662	 1.747047e+09	 2.578619e+08	 8.517041	 0.235317	 8.161433	 0.056605
0.7758	 3.457428	 0.781246	 5.242922e+09	 7.990489e+08	 8.741834	 0.128109	 8.295832	 0.056493
1.8856	 2.236284	 0.642606	 1.022013e+10	 2.021396e+09	 8.578043	 0.273386	 8.377463	 0.071892
1.4529	 3.020517	 0.497134	 1.106827e+10	 2.155025e+09	 8.552700	 0.286703	 8.387213	 0.070610
1.1083	 3.261958	 0.774614	 1.414305e+10	 2.316058e+09	 8.673660	 0.171586	 8.417193	 0.058975
1.8941	 3.971211	 0.480612	 2.703565e+10	 3.496490e+09	 8.610000	 0.163682	 8.496433	 0.045746
1.5479	 3.464471	 0.729678	 1.494988e+10	 2.467751e+09	 8.605537	 0.211553	 8.423978	 0.059354
1.8438	 3.331951	 0.816944	 1.186837e+10	 1.583216e+09	 8.625881	 0.161413	 8.395749	 0.048281
1.1116	 4.065452	 0.446203	 2.538892e+10	 2.942893e+09	 8.684961	 0.116507	 8.488748	 0.041071
0.7583	 0.704597	 0.406976	 8.134129e+08	 1.995659e+08	 8.508985	 0.398672	 8.067944	 0.096478
1.0720	 2.912114	 0.893942	 4.803540e+09	 6.546561e+08	 8.617571	 0.168974	 8.285128	 0.050651
1.3301	 2.789171	 0.571439	 2.287948e+10	 4.121722e+09	 8.735861	 0.157295	 8.476020	 0.064014
1.5491	 0.853029	 0.456531	 4.340276e+09	 1.183771e+09	 8.591101	 0.363615	 8.272725	 0.101676
1.4573	 3.488909	 0.766577	 1.091277e+10	 2.020713e+09	 8.544987	 0.277107	 8.385483	 0.067180
1.0230	 3.992119	 0.450033	 1.604968e+10	 1.803765e+09	 8.649262	 0.128541	 8.432659	 0.040330
1.2117	 3.106838	 0.741907	 5.494124e+09	 1.011214e+09	 8.559229	 0.265913	 8.301555	 0.068129
1.0137	 0.685341	 0.042505	 5.565067e+09	 9.489375e+08	 8.253468	 0.436204	 8.303124	 0.063094
1.3422	 3.485415	 0.809096	 1.876462e+10	 2.452635e+09	 8.678282	 0.134343	 8.451772	 0.046700
1.3391	 2.838493	 0.840302	 1.150632e+10	 1.681529e+09	 8.662271	 0.158503	 8.391960	 0.052939
1.0142	 3.447447	 0.724379	 7.906468e+09	 1.263427e+09	 8.614199	 0.199896	 8.346072	 0.058518
1.6570	 0.491719	 0.078749	 1.019982e+09	 2.261528e+08	 8.078733	 0.728346	 8.095620	 0.086534
1.5540	 2.652440	 0.664738	 1.479092e+11	 1.872516e+10	 8.797529	 0.092398	 8.704271	 0.042844
1.6212	 2.286055	 0.587952	 8.725331e+09	 2.067970e+09	 8.584609	 0.321232	 8.358124	 0.086544
0.7524	 3.254033	 0.896850	 8.644347e+09	 1.330006e+09	 8.704449	 0.144508	 8.356984	 0.056197
1.3323	 3.798468	 0.742279	 1.911070e+10	 2.889740e+09	 8.653025	 0.169378	 8.454008	 0.053999
1.9585	 0.990876	 0.437345	 1.230928e+10	 6.452067e+09	 8.572230	 0.734477	 8.400210	 0.189513
1.3001	 3.219339	 0.848182	 1.358766e+10	 2.151154e+09	 8.687417	 0.157727	 8.412294	 0.057080
0.9276	 2.813879	 0.905957	 7.322366e+09	 3.207845e+09	 8.550720	 0.651554	 8.336686	 0.160790
1.1117	 3.980736	 0.558292	 1.260869e+10	 1.492177e+09	 8.699743	 0.113030	 8.403149	 0.042759
1.0648	 1.117277	 0.452209	 2.294755e+09	 3.858127e+08	 8.579825	 0.235495	 8.194783	 0.063922
1.2400	 3.680876	 0.542598	 2.646504e+10	 3.662216e+09	 8.660071	 0.150846	 8.493825	 0.048976
1.1065	 3.899004	 0.527082	 2.624591e+10	 4.057494e+09	 8.780603	 0.116237	 8.492808	 0.054727
1.3345	 3.076109	 0.886652	 5.826690e+09	 1.222241e+09	 8.563708	 0.302266	 8.308743	 0.077511
1.5963	 3.810916	 0.834950	 5.243587e+10	 1.265652e+10	 8.693632	 0.235311	 8.577447	 0.083878
1.6441	 4.105587	 0.453463	 1.205377e+10	 2.099762e+09	 8.531135	 0.269003	 8.397644	 0.063020
1.5530	 1.381713	 0.194265	 5.967357e+09	 2.640232e+09	 8.179039	 1.261859	 8.311660	 0.163373
1.6158	 2.782438	 0.844212	 5.591263e+09	 1.623631e+09	 8.517153	 0.464739	 8.303699	 0.107434
1.1116	 2.518753	 0.523335	 8.523223e+10	 7.818689e+09	 8.798703	 0.072843	 8.636858	 0.031479
1.1443	 3.506574	 0.728139	 1.350025e+10	 3.254424e+09	 8.640968	 0.278919	 8.411504	 0.086929
0.8897	 1.143060	 0.396462	 1.594307e+09	 3.870338e+08	 8.647518	 0.275567	 8.150244	 0.093373
0.9111	 2.627175	 0.664254	 2.015742e+09	 3.375432e+08	 8.559001	 0.244780	 8.178929	 0.063927
0.8731	 1.883157	 0.549537	 2.004052e+09	 6.047262e+08	 8.410888	 0.596843	 8.178218	 0.115218
0.8547	 3.900419	 0.530573	 4.079911e+10	 5.234690e+09	 8.795694	 0.092427	 8.546759	 0.044883
0.8587	 1.329796	 0.460488	 4.303207e+09	 2.109269e+09	 8.578998	 0.673919	 8.271676	 0.182776
1.0541	 3.216594	 0.767605	 6.756771e+09	 1.904409e+09	 8.692020	 0.281166	 8.326855	 0.103692
0.8551	 3.585669	 0.718637	 8.727919e+09	 1.402740e+09	 8.682923	 0.162942	 8.358160	 0.058686
1.0064	 3.715732	 0.653328	 6.996457e+09	 1.256730e+09	 8.645881	 0.204663	 8.331118	 0.066015
1.1143	 3.513305	 0.741012	 8.942499e+09	 1.415589e+09	 8.602341	 0.205889	 8.361131	 0.057762
1.2247	 3.907467	 0.418991	 2.791826e+10	 4.354255e+09	 8.670939	 0.164138	 8.500362	 0.055119
1.6339	 3.295628	 0.564032	 9.216389e+09	 1.473242e+09	 8.584459	 0.217584	 8.364820	 0.058277
1.3348	 2.911637	 0.788998	 1.325488e+11	 1.995045e+10	 8.832274	 0.133408	 8.690861	 0.051077
1.1694	 3.872763	 0.567058	 1.777239e+10	 2.341189e+09	 8.669644	 0.139354	 8.445128	 0.047138
1.4243	 3.869753	 0.649948	 4.994249e+09	 7.834427e+08	 8.541452	 0.236702	 8.289889	 0.058233
1.0122	 3.246435	 0.858702	 3.226386e+09	 6.255738e+08	 8.513390	 0.311640	 8.236455	 0.072940
1.0135	 3.815627	 0.354277	 2.982526e+09	 1.660341e+09	 8.366974	 1.186543	 8.226843	 0.209928
1.0898	 4.002126	 0.443104	 2.964599e+10	 4.109738e+09	 8.679241	 0.142340	 8.507706	 0.048912
0.7058	 2.476715	 0.761747	 2.452933e+09	 3.293916e+08	 8.498531	 0.223472	 8.202936	 0.050948
1.0611	 2.662400	 0.621188	 8.495560e+09	 1.509204e+09	 8.609649	 0.225045	 8.354860	 0.064918
1.8515	 0.843225	 0.248286	 2.242356e+10	 1.047519e+10	 8.505588	 0.763565	 8.473558	 0.166088
1.8416	 2.310252	 0.585142	 1.597459e+08	 4.861393e+07	 7.875776	 1.327332	 7.868886	 0.126775
1.8826	 3.724433	 0.750068	 1.800389e+10	 2.490037e+09	 8.627863	 0.166338	 8.446711	 0.049472
0.8716	 3.635098	 0.588090	 2.203630e+10	 2.994105e+09	 8.739571	 0.113079	 8.471428	 0.048330
1.4075	 3.046490	 0.589863	 3.972764e+10	 5.250998e+09	 8.719942	 0.117470	 8.543505	 0.046270
1.8009	 3.383558	 0.773890	 1.376933e+10	 1.330607e+09	 8.609947	 0.128834	 8.413918	 0.034828
1.3997	 1.978016	 0.414418	 2.604596e+10	 5.998153e+09	 8.631897	 0.275035	 8.491872	 0.081541
1.0354	 2.317043	 0.643352	 1.045695e+10	 1.840718e+09	 8.624135	 0.214524	 8.380264	 0.063941
1.5634	 1.289449	 0.107318	 3.702240e+09	 5.719324e+08	 8.117416	 0.481516	 8.253280	 0.057869
1.8203	 1.260540	 0.180828	 2.252374e+10	 5.608642e+09	 8.493946	 0.417570	 8.474104	 0.088521
0.9942	 3.468183	 0.775386	 4.300892e+09	 7.843411e+08	 8.560337	 0.262753	 8.271610	 0.068004
1.3130	 2.264442	 0.641136	 5.069413e+09	 1.135384e+09	 8.503543	 0.368003	 8.291716	 0.083104
1.5821	 1.778237	 0.552816	 6.381083e+09	 1.486752e+09	 8.503170	 0.383137	 8.319858	 0.085862
0.7228	 0.662821	 0.240642	 2.770895e+09	 4.339958e+08	 8.668492	 0.168244	 8.217842	 0.059199
0.7202	 1.012787	 0.421762	 2.391429e+09	 5.456868e+08	 8.598668	 0.297872	 8.199830	 0.086643
1.0614	 4.004944	 0.413784	 3.466470e+10	 4.871193e+09	 8.715373	 0.127480	 8.526832	 0.049372
1.1962	 3.650641	 0.815910	 2.577974e+10	 5.734137e+09	 8.698565	 0.213717	 8.490616	 0.078779
1.1914	 3.148428	 0.754544	 4.795264e+09	 7.482295e+08	 8.555520	 0.227493	 8.284917	 0.057994
1.0920	 2.736042	 0.326041	 1.919186e+10	 4.026478e+09	 8.595660	 0.276255	 8.454526	 0.074913
0.7793	 3.409407	 0.790681	 1.122178e+10	 1.998678e+09	 8.662437	 0.192765	 8.388897	 0.064566
1.1613	 2.409766	 0.494630	 5.631323e+10	 9.423188e+09	 8.725649	 0.145964	 8.586172	 0.058041
0.9634	 3.751070	 0.616142	 5.488459e+09	 7.209691e+08	 8.662637	 0.143050	 8.301429	 0.048626
0.7325	 3.553608	 0.778878	 6.362189e+09	 8.244453e+08	 8.685235	 0.130062	 8.319496	 0.047759
1.1129	 3.802902	 0.576728	 3.352986e+10	 3.755269e+09	 8.734518	 0.094867	 8.522762	 0.039385
1.6199	 3.280942	 0.676415	 2.244943e+10	 4.874535e+09	 8.616320	 0.269992	 8.473699	 0.077196
0.9954	 0.569559	 0.155096	 1.282062e+08	 3.123770e+07	 7.975886	 0.920679	 7.841987	 0.102346
0.8496	 0.758463	 0.464004	 7.133293e+08	 1.520369e+08	 8.591622	 0.287619	 8.051886	 0.084185
1.6585	 2.020307	 0.612952	 8.949194e+09	 2.240905e+09	 8.564541	 0.358299	 8.361222	 0.091368
1.4222	 3.101514	 0.904538	 2.105400e+10	 8.508015e+09	 8.696686	 0.390589	 8.465851	 0.143922
1.8450	 3.927398	 0.577530	 1.389354e+09	 3.550210e+08	 8.354175	 0.556626	 8.133416	 0.098723
1.5870	 3.613788	 0.593555	 1.033739e+09	 3.963626e+08	 8.426948	 0.734155	 8.097258	 0.149578
0.7842	 4.306916	 0.264789	 7.738951e+08	 2.509120e+08	 8.317430	 0.750309	 8.061853	 0.127709
